|           energy|                      jnu|
|           double|                   double|
|         Rydbergs|log10(erg/s/cm^2/Hz/ster)|
 0.000788976745351            -19.6588708689 
  0.00082767315248            -19.6671370623 
 0.000867874419886            -19.6753762236 
  0.00091126814088              -19.68365344 
 0.000955608369212            -19.6918257307 
  0.00100260550212            -19.7001012271 
  0.00105178686621            -19.7082614771 
  0.00110349738542            -19.7164749923 
  0.00115775395868            -19.7246852119 
  0.00121453837249            -19.7328685523 
  0.00127414449228            -19.7409910551 
   0.0013367583114            -19.7492384009 
  0.00140238248827            -19.7573363675 
  0.00147121107666            -19.7655259711 
  0.00154347584837            -19.7736696585 
  0.00161945644372            -19.7818169308 
  0.00169885932304            -19.7899088999 
  0.00178225726751            -19.7981209685 
  0.00187003517521            -19.8063646225 
  0.00196182592224            -19.8146038181 
  0.00205796779783            -19.8228707481 
  0.00215940317744            -19.8312981003 
  0.00226514576406            -19.8397554033 
  0.00237680787919            -19.8483806774 
  0.00249320968777            -19.8571423065 
   0.0026155801977            -19.8662297157 
  0.00274395706378            -19.8755113459 
  0.00287920423659            -19.8849956807 
  0.00302044461677            -19.8950023751 
  0.00316852622003            -19.9053612432 
  0.00332458278322            -19.9163434821 
  0.00348744026361            -19.9280228827 
  0.00365824223557            -19.9402904863 
  0.00383853471306            -19.9534475952 
   0.0040268145863            -19.9673826985 
   0.0042247016267            -19.9820720028 
   0.0044322380393             -19.997525329 
  0.00464932724939            -20.0135488771 
  0.00487830910535            -20.0298195567 
  0.00511948393753            -20.0464020007 
  0.00536987708238            -20.0631231801 
  0.00563206514759            -20.0798001769 
  0.00590965071907             -20.095860794 
  0.00619910299918            -20.1113759506 
  0.00650441214047            -20.1262631172 
  0.00682597858337            -20.1403838723 
  0.00715843001477            -20.1532864012 
  0.00751251558846            -20.1652679486 
  0.00788294239516            -20.1757263222 
  0.00826922087913            -20.1846230216 
  0.00867048659258            -20.1916893652 
  0.00909449242395            -20.1975392328 
  0.00954607312885            -20.2018064666 
   0.0100150361675            -20.2045288849 
   0.0105069542359            -20.2059091339 
   0.0110229604558            -20.2056165982 
   0.0115643165086             -20.203970979 
   0.0121324476219            -20.2010723843 
   0.0127272086715            -20.1966344883 
   0.0133519141521            -20.1911525786 
   0.0140087339105            -20.1845269505 
   0.0146955029976            -20.1770273117 
   0.0154190886782            -20.1684082571 
   0.0161744433951            -20.1588916138 
    0.016969611562            -20.1488705553 
   0.0178051610176            -20.1381853246 
   0.0186773548039            -20.1267674121 
     0.01959716432            -20.1150563135 
   0.0205564660699            -20.1030829796 
   0.0215684767072            -20.0914309086 
   0.0226289580551            -20.0796718839 
   0.0237371227111            -20.0680979541 
   0.0249048412375            -20.0565990343 
   0.0261258067913            -20.0451771459 
    0.027406560628            -20.0342620042 
   0.0287557002487            -20.0235581141 
   0.0301644535214            -20.0131667324 
   0.0316522452546            -20.0033092179 
   0.0332094803528            -19.9936704902 
   0.0348344090551            -19.9846228079 
   0.0365530742431            -19.9765445493 
   0.0383369011729            -19.9700887376 
   0.0402325890013            -19.9656643993 
    0.042207880541            -19.9626023197 
    0.044279307137            -19.9606445651 
   0.0464458787401            -19.9596933144 
   0.0487309166246            -19.9598249899 
   0.0511373816431            -19.9610893876 
   0.0536355586157            -19.9634964464 
   0.0562511198074            -19.9667480841 
   0.0590199573109            -19.9700242513 
   0.0619488878912            -19.9727173585 
   0.0649513999202            -19.9750031008 
   0.0681576769544             -19.977488749 
   0.0715281115291            -19.9800396916 
   0.0750014930766            -19.9827958271 
   0.0786932764145            -19.9855695654 
   0.0825424040652            -19.9885017951 
   0.0866224468517            -19.9918945101 
    0.090854251334            -19.9954568705 
   0.0953508570556            -19.9985100568 
    0.100029433686            -20.0019285533 
    0.104948536322            -20.0056286082 
    0.110096428764            -20.0093989653 
     0.11551123601            -20.0137757321 
    0.121179274053            -20.0180464422 
    0.127130041975            -20.0227201071 
    0.133382339122            -20.0280203854 
    0.139936753821            -20.0340275911 
    0.146789326817            -20.0416233943 
    0.154008474038            -20.0509264547 
    0.161572365404            -20.0609062412 
    0.169506722634            -20.0718204746 
    0.177843118829            -20.0830807171 
    0.186582338428            -20.0944611041 
    0.195719102423            -20.1068380042 
    0.205333064642            -20.1202402478 
    0.215429820539            -20.1338726274 
    0.226008963512            -20.1482250666 
    0.237124158439            -20.1612660913 
    0.248776451237            -20.1678578703 
     0.26095880323            -20.1707796437 
    0.273818551947            -20.1743119182 
    0.287285038108            -20.1782517226 
    0.301345284683             -20.183050132 
    0.316192970465            -20.1888179702 
    0.331732122636            -20.1950569369 
    0.347945070974            -20.2023315719 
    0.365091402596            -20.2109279406 
    0.383046717478            -20.2207721191 
     0.40179371291            -20.2332989051 
    0.421493127142            -20.2482953885 
    0.442148539971            -20.2651158409 
    0.463985815112             -20.284411797 
    0.486788536795            -20.3076236358 
    0.510514364639            -20.3342459327 
    0.535724950547            -20.3648161054 
    0.562164183146            -20.3990161342 
    0.589817566913            -20.4366465977 
    0.618647753483            -20.4809228225 
    0.649051382393            -20.5327047344 
    0.681067369866            -20.5937714481 
    0.714159985016            -20.6696454203 
    0.749398142171            -20.7428023984 
    0.786253788507            -20.8232824007 
     0.82467705057            -20.9509187032 
    0.865401843191            -21.1266833223 
    0.907637590518             -21.389220024 
    0.952412354599            -21.8866350354 
    0.999197522895             -22.214850207 
     1.04395479537             -22.241950454 
     1.09514258007            -22.2696496521 
     1.14899526022            -22.2976631841 
     1.20538113873            -22.3273420388 
     1.26459636536            -22.3581960857 
     1.32663872599            -22.3899848095 
     1.39188657535            -22.4226268508 
     1.46013161493            -22.4583316711 
     1.53205807142            -22.4968710481 
     1.60717485164            -22.5389502076 
      1.6862844946            -22.5843658987 
     1.76910918439             -22.634346698 
     1.85594326045            -22.6828719914 
     1.94715414718            -22.7303108993 
     2.04274409523            -22.7847283109 
     2.14315178946            -22.8453215224 
     2.24837932613            -22.9121726475 
     2.35835440186            -22.9834966725 
      2.4742550662            -23.0591897455 
     2.59620552957            -23.1391231066 
     2.72345529253            -23.2213729585 
     2.85753571929            -23.3081660135 
     2.99759256868            -23.5275952535 
     3.14447253582            -23.6343264017 
     3.29930536162            -23.7530950598 
     3.46095002233            -23.8793359176 
     3.63199737298            -24.0138956891 
      3.8096494184             -24.159852553 
     3.99679009158            -24.3302411625 
     4.19359475785            -24.5754219349 
     4.39801226293             -24.710401889 
     4.61401590319            -24.7738897736 
     4.84201987715            -24.8054045579 
     5.07953255786            -24.8262380878 
     5.32905345544            -24.8439095884 
     5.59060209129            -24.8597719842 
     5.86401635058            -24.8743740388 
     6.15305969534            -24.8882587492 
     6.45374037451            -24.9010239415 
     6.77522781324            -24.9125114167 
     7.10263554856            -24.9221557348 
     7.45718609558            -24.9296116172 
     7.82204412773            -24.9344670006 
     8.20223349127            -24.9360741076 
     8.60498716601            -24.9343967915 
     9.03139881943            -24.9288458467 
     9.47362658156            -24.9195228935 
     9.93966122251            -24.9054218597 
      10.427602024            -24.8870803465 
      10.939593528            -24.8664836594 
     11.4769287264            -24.8442495261 
     12.0410695148            -24.8210220851 
     12.6319398514             -24.797257689 
       13.25288163            -24.7735186271 
     13.9039997083            -24.7500589217 
     14.5849574405            -24.7274763709 
     15.3025716353            -24.7059831302 
     16.0547593531            -24.6858097022 
     16.8410301401              -24.66728447 
       17.67050884            -24.6505300849 
     18.5367807339            -24.6357412902 
     19.4466099206            -24.6231966125 
     20.4045710005            -24.6128661902 
     21.4063458041            -24.6044221754 
     22.4560902139            -24.5979384762 
     23.5591556587            -24.5938022598 
     24.7157076452            -24.5920040586 
     25.9325025862            -24.5924166667 
     27.2020340561            -24.5948400393 
     28.5395596893            -24.5992020369 
     29.9463733447            -24.6053071906 
      31.412207545            -24.6129640754 
     32.9572564514             -24.622088901 
      34.570111566            -24.6326033302 
      36.276597965            -24.6442969665 
     38.0487741495            -24.6570392681 
     39.9153806781             -24.670309322 
     41.8781314743            -24.6840932442 
     43.9377117107            -24.6987054882 
      46.093482088            -24.7139565517 
     48.3687972866            -24.7297913941 
     50.7387606281            -24.7460644758 
      53.228279257            -24.7627110145 
     55.8375086324            -24.7795766532 
     58.6024527897            -24.7967185178 
     61.4476157033            -24.8139546958 
     64.4917297155            -24.8313300446 
     67.6516808374             -24.848591151 
     70.9710390094            -24.8659459362 
     74.4500115098            -24.8832664707 
     78.0863873933            -24.9006340519 
     81.9485738202            -24.9180251766 
     85.9686925359            -24.9352887501 
      90.224568404            -24.9525091464 
     94.6280520125            -24.9697019635 
     99.2774965552            -24.9865914639 
     104.156834024            -25.0033661816 
     109.277867955            -25.0199296039 
     114.639343424            -25.0361316394 
     120.267670698            -25.0523341259 
     126.179471183            -25.0680685666 
     132.374802568            -25.0835448695 
      138.87048779            -25.0986658973 
     145.686353458            -25.1134915075 
     152.846048454            -25.1281656868 
     160.349840028            -25.1424017669 
     168.223766085            -25.1563994759 
     176.499736758            -25.1697710343 
     185.179463703            -25.1828826291 
     194.258823466            -25.1953867628 
     203.817522004             -25.207536805 
     213.812327752            -25.2191409887 
     224.339768804            -25.2300544903 
      235.34817688            -25.2407187538 
      246.88922809            -25.2509457283 
     259.030170802            -25.2609609275 
     271.695927513            -25.2705738327 
     285.038517635            -25.2802007445 
     299.070607443            -25.2896602612 
     313.797569174            -25.2994367858 
     329.215368815            -25.3097331379 
     345.308124623             -25.319866109 
     362.333256811             -25.330448121 
     380.170271539            -25.3411456072 
     398.804438022            -25.3521033705 
     418.396758898            -25.3628984182 
     438.953825087            -25.3740266014 
     460.468994886            -25.3854306617 
     483.175048187            -25.3969448346 
     506.823215172            -25.4081371753 
     531.661692462            -25.4185968455 
     557.691640686            -25.4280893258 
     585.271766782            -25.4371541442 
     614.062089542            -25.4463165383 
     644.005753272            -25.4554917185 
     675.513818295            -25.4645188544 
     709.158086288            -25.4736787269 
     743.892359902            -25.4828994139 
     780.195326096            -25.4921972051 
     818.749452722            -25.5016186641 
     858.876664355            -25.5112490504 
     901.353255074            -25.5211635245 
     945.298901328            -25.5312242559 
     991.694570552            -25.5415050134 
     1040.37919954            -25.5522276495 
     1091.46980582              -25.56324127 
     1145.09693501            -25.5746499627 
     1201.40822792            -25.5866161185 
      1260.3985351            -25.5994929019 
     1322.21146384            -25.6135969972 
     1387.22505843            -25.6285949745 
     1455.23497426            -25.6442402067 
     1526.66801957            -25.6606512813 
     1601.80724359            -25.6779896148 
     1680.37643533            -25.6965671586 
     1762.94861846            -25.7160027936 
     1849.53955933            -25.7362413299 
     1940.51989114            -25.7572429817 
     2035.89843807            -25.7790419857 
     2135.61786004            -25.8014919236 
     2240.63963826            -25.8244086012 
     2350.44658468            -25.8479688874 
     2466.21959643            -25.8722510449 
     2587.35985486            -25.8969623171 
     2714.53125076             -25.922202989 
     2847.71294025             -25.947596498 
     2987.76439633            -25.9733991604 
     3133.65935653            -25.9996444766 
     3288.58946546            -26.0259918506 
     3449.16026071            -26.0528622944 
     3619.01565083            -26.0800757576 
       3796.950587            -26.1078392159 
     3982.81530105            -26.1359978506 
     4178.21247538            -26.1643729074 
     4383.20414084            -26.1931028196 
      4600.0410948            -26.2215559878 
     4826.63210212            -26.2504982211 
     5062.60078267             -26.280374394 
      5310.4204014            -26.3106183408 
     5573.50544881            -26.3409748024 
     5845.20937062            -26.3714277934 
     6132.35626433             -26.402312197 
     6435.50946949             -26.433376832 
     6750.13437689            -26.4645453954 
      7080.5605352             -26.495866532 
     7426.79821418            -26.5277159094 
     7795.27922053            -26.5603525767 
      8180.1448912            -26.5930916834 
     8580.67929266            -26.6259789793 
     8995.73683001            -26.6594310336 
      9442.2147019             -26.693345175 
     9905.08848783             -26.727582018 
     10391.9277099            -26.7620496061 
     10902.9449734            -26.7966221671 
     11438.0336498            -26.8310192199 
     11999.8438357            -26.8653075338 
     12588.3152491             -26.899573625 
     13206.7846504            -26.9337869902 
      13855.376933            -26.9680620058 
     14536.1005085            -27.0030245114 
     15251.3496382            -27.0384894956 
     15998.3873048             -27.074049288 
     16785.1932378            -27.1097636698 
     17609.0462006             -27.146105252 
     18476.6451922            -27.1829639796 
     19380.4368541            -27.2198593902 
     20336.2673707            -27.2575721742 
      21331.183073            -27.2960209549 
     22378.8836169            -27.3351160083 
     23480.2406823            -27.3741232079 
      24635.526923            -27.4131964466 
     25844.2467635            -27.4531745603 
     27113.0062743            -27.4941190988 
     28441.5774307            -27.5353640656 
     29838.5114892            -27.5768431618 
     31304.2988966            -27.6185033348 
     32838.4915632            -27.6601670787 
     34452.4816968            -27.7017905908 
     36147.0900785            -27.7432768482 
      37922.103241             -27.784263699 
     39793.3685974            -27.8247923434 
     41743.8452075            -27.8651509574 
     43789.9154676            -27.9049144576 
     45954.0161815            -27.9431794224 
     48189.7483279             -27.980033693 
     50569.8191387            -28.0153052312 
     53042.3830547            -28.0491644656 
      55666.960347            -28.0811381899 
     58377.2031313            -28.1108932592 
        61241.1385            -28.1396035856 
     64264.3258731            -28.1677192273 
     67401.4897101            -28.1960570313 
     70750.6320559            -28.2239581928 
      74207.503329             -28.251746798 
     77819.6533629            -28.2797220709 
     81654.8513333            -28.3079043115 
     85726.0715786            -28.3355591812 
     89868.6529468            -28.3629751951 
     94314.6492321            -28.3905208847 
      98943.337772            -28.4182626936 
     103800.904531            -28.4461068387 
     108899.156415            -28.4737450948 
     114251.271424             -28.501319728 
     119856.391014            -28.5292046369 
     125744.189441             -28.557138484 
     131934.000417            -28.5844720413 
     138406.461252            -28.6117112673 
      145198.87522             -28.639322078 
     152335.028566            -28.6671925168 
     159815.528039            -28.6948855088 
     167666.631257            -28.7222314845 
     175886.535588             -28.749633469 
     184541.948335            -28.7772425622 
     193598.500293            -28.8045086732 
     203090.737883            -28.8317434028 
      213112.28739             -28.858899706 
     223569.220039            -28.8859558477 
     234560.654023            -28.9127759431 
      246022.71622            -28.9392461998 
      258149.61498            -28.9662364106 
     270807.768464            -28.9937014411 
      284149.71652            -29.0209236844 
     298092.293386            -29.0480335172 
     312720.707234            -29.0754070306 
     328030.288294            -29.1027963901 
      344134.49429            -29.1304242059 
     361041.260254            -29.1589957639 
     378748.188229            -29.1875247558 
     397413.057514            -29.2158402052 
     416865.572223            -29.2439504979 
     437478.704215             -29.271781738 
     458845.992387             -29.300225991 
     481388.347005            -29.3287269186 
     505137.550377            -29.3574344542 
     529807.058651            -29.3862315918 
     555990.323905            -29.4149523857 
     583398.297619            -29.4436907661 
     612000.094614            -29.4724177953 
     3672987.26675                     -30.0 
