\ References:
\   1: Noterdaeme et al., A&A 481, 327-336 (2008) Table 1
\   2: Petitjean et al., (2002), low NHI, H2-bearing component
\   3: Reimers et al. (2003), HE0515, clear sub-DLA. Quast et al. (2008) for velocity width.
\   4: Tumlinson et al. (2010) ApJL, 718, 156.
\   5: Jorgensen et al. (2010), ApJ, 722, 460, strongest component only
\
|      name|   zem|  zabs|lNHI|       NHI|    NHIerr|     Z|  Zerr|  dv|  lf|     f|ferrhi|ferrlo|lNH2|          NH2|  NH2errhi|  NH2errlo| ref|
|      char|double|double|char|    double|    double|double|double| int|char|double|double|double|char|       double|    double|    double|char|
|          |      |      |    |log10cm^-2|log10cm^-2|      |      |km/s|    |      |      |      |    |   log10cm^-2|log10cm^-2|log10cm^-2|    |
 Q0000-2619   4.11   3.39            21.4       0.08  -2.06   0.09   33    <  -6.87    nan    nan    <  14.153901891        nan        nan  1 
 Q0010-0012   2.15  2.025           20.95        0.1  -1.43   0.11   32    <   -5.8    nan    nan    <  14.753901891        nan        nan  1 
 Q0013-0029   2.09  1.973           20.83       0.05  -0.59   0.05  720       -1.68   1.07  -1.18              18.86       1.14      -1.14  1 
 Q0013-0029   2.09  1.973   <       19.4         nan   nan     nan   -1    >  -2.63    nan    nan              16.76        nan        nan  2 
 Q0027-1836   2.56  2.402           21.75        0.1  -1.63    0.1   44       -4.15   0.17  -0.17               17.3       0.07      -0.07  1 
 Q0039-3354   2.48  2.224            20.6        0.1  -1.31   0.12  122    <  -6.05    nan    nan    <  14.153901891        nan        nan  1 
 Q0049-2820   2.26  2.071           20.45        0.1  -1.31   0.12   51    <  -5.84    nan    nan    < 14.2124426028        nan        nan  1 
 Q0058-2914   3.09  2.671            21.1        0.1  -1.53    0.1   34    <  -6.38    nan    nan    < 14.3193310481        nan        nan  1 
 Q0100+1300   2.69  2.309           21.35       0.08  -1.58   0.08   37    <  -6.92    nan    nan    < 14.0455404631        nan        nan  1 
 Q0102-1902   3.04   2.37            21.0       0.08   -1.9   0.08   17    <  -5.72    nan    nan    < 14.8973227937        nan        nan  1 
 Q0102-1902   3.04  2.926            20.0        0.1   -1.5    0.1  146    <  -6.39    nan    nan    < 13.2124426028        nan        nan  1 
 Q0112-3030   2.99  2.418            20.5       0.08  -2.42   0.08   31    <  -5.61    nan    nan    < 14.5124426028        nan        nan  1 
 Q0112-3030   2.99  2.702            20.3        0.1  -0.49   0.11  218    <  -5.55    nan    nan    <  14.353901891        nan        nan  1 
 Q0112+0259   2.81  2.423            20.9        0.1  -1.31   0.11  112    <  -6.05    nan    nan    <  14.453901891        nan        nan  1 
 Q0131+0345   4.15  3.692            20.7        0.1  -2.55    nan   39    <  -6.19    nan    nan    < 14.1124426028        nan        nan  1 
 Q0131+0345   4.15  3.774            20.6        0.1   -0.7    0.1  128    <   -5.9    nan    nan    < 14.3010299957        nan        nan  1 
 Q0135-2722   3.21    2.8            21.0        0.1   -1.4    0.1   65    <  -6.09    nan    nan    < 14.5124426028        nan        nan  1 
 Q0216+0803   2.99  2.293            20.5        0.1   -0.7   0.11  104    <  -5.39    nan    nan    < 14.7124426028        nan        nan  1 
 Q0242-2917   3.27   2.56            20.9        0.1  -1.99    0.1   70    <  -5.82    nan    nan    < 14.6764348624        nan        nan  1 
 Q0254-4025   2.28  2.046           20.45       0.08  -1.55   0.09   37    <  -5.32    nan    nan    < 14.7455404631        nan        nan  1 
 Q0300-3152   2.37  2.179            20.8        0.1   -1.8   0.11   41    <  -5.65    nan    nan    <  14.753901891        nan        nan  1 
 Q0331-4506   2.67  2.411           20.15       0.07  -1.41    nan   31    <  -4.77    nan    nan    < 15.0124426028        nan        nan  1 
 Q0335-1213   3.44   3.18           20.65        0.1  -2.44   0.14   15    <   -5.1    nan    nan    <  15.153901891        nan        nan  1 
 Q0336-0143    3.2  3.062            21.1        0.1  -1.41    0.1   67    <   -6.9    nan    nan    < 13.8010299957        nan        nan  1 
 Q0347-3819   3.22  3.025           20.73       0.05  -1.17   0.07   93        -5.9   0.11  -0.11              14.53       0.06      -0.06  1 
 Q0405-4418   3.02   2.55           21.15       0.15  -1.36   0.16  165    <  -6.62    nan    nan    < 14.0764348624        nan        nan  1 
 Q0405-4418   3.02  2.595           21.05        0.1  -1.12    0.1   79       -2.61   0.17   -0.2              18.14       0.07       -0.1  1 
 Q0405-4418   3.02  2.622           20.45        0.1  -2.04    0.1  182    <   -6.2    nan    nan    < 13.8455404631        nan        nan  1 
 Q0421-2624   2.28  2.157           20.65        0.1  -1.86    0.1   47    <  -6.14    nan    nan    < 14.1124426028        nan        nan  1 
 Q0425-5214   2.25  2.224            20.3        0.1  -1.43   0.11   40    <  -5.59    nan    nan    < 14.3124426028        nan        nan  1 
 Q0432-4401   2.65  2.302           20.95        0.1  -1.23   0.13   88    <  -5.15    nan    nan    < 15.4010299957        nan        nan  1 
 Q0450-1310   2.25  2.067            20.5       0.07  -1.62   0.08  148    <  -6.08    nan    nan    < 14.0455404631        nan        nan  1 
 Q0458-0203   2.29   2.04            21.7        0.1  -1.22    0.1   88    <   -6.4    nan    nan    < 14.9010299957        nan        nan  1 
 Q0515-4414   1.71   1.51           19.88       0.05  -0.49    0.1  110       -2.64   0.30  -0.27              16.94       0.23      -0.41  3 
 Q0528-2505   2.77  2.811           21.35       0.07  -0.91   0.07  304       -2.83   0.18  -0.19              18.22       0.11      -0.12  1 
 Q0551-3638   2.32  1.962            20.7       0.08  -0.35   0.08  468       -2.98   0.53  -0.81              17.42       0.45      -0.73  1 
 Q0642-5038   3.09  2.659           20.95       0.08  -1.05   0.09   99       -2.24   0.11  -0.12              18.41       0.03      -0.04  1 
 Q0812+32      nan  2.626           21.35       nan    nan     nan   -1       -1.46    nan    nan              19.89       0.01      -0.01  5
 Q0841+1256    2.5  2.375           21.05        0.1  -1.59    0.1   37    <  -5.98    nan    nan    < 14.6656542003        nan        nan  1 
 Q0841+1256    2.5  2.476            20.8        0.1   -1.6    0.1   30    <  -6.29    nan    nan    < 14.1124426028        nan        nan  1 
 Q0913+0714   2.78  2.618           20.35        0.1  -2.59    0.1   22    <   -5.9    nan    nan    <  14.053901891        nan        nan  1 
 Q0933-3319   2.91  2.682            20.5        0.1  -1.27   0.14  312    <  -5.08    nan    nan    < 15.0193310481        nan        nan  1 
 Q0951-0450   4.37  4.203           20.55        0.1  -2.68    0.1   15    <   -6.6    nan    nan    <  13.553901891        nan        nan  1 
 Q1036-2257   3.13  2.778           20.93       0.05  -1.36   0.05   80    <  -7.28    nan    nan    < 13.3010299957        nan        nan  1 
 Q1108-0747   3.92  3.608           20.37       0.07  -1.59   0.07   31    <  -5.59    nan    nan    < 14.4124426028        nan        nan  1 
 Q1111-1517   3.37  3.266            21.3       0.05  -1.65   0.11  140    <  -7.37    nan    nan    < 13.5764348624        nan        nan  1 
 Q1117-1329   3.96  3.351           20.95        0.1  -1.41   0.11   43    <   -6.4    nan    nan    < 14.1455404631        nan        nan  1 
 Q1157+0128   1.99  1.944            21.8        0.1  -1.44    0.1   89    <  -6.65    nan    nan    <  14.753901891        nan        nan  1 
 Q1209+0919    3.3  2.584            21.4        0.1  -1.01    0.1  214    <  -5.69    nan    nan    < 15.3124426028        nan        nan  1 
 Q1220-1800   2.16  2.113           20.12       0.07  -0.93   0.07   95    <  -5.54    nan    nan    < 14.2124426028        nan        nan  1 
 Q1223+1753   2.94  2.466            21.4        0.1  -1.63    0.1   91    <  -6.69    nan    nan    < 14.3124426028        nan        nan  1 
 Q1232+0815   2.57  2.338            20.9       0.08  -1.43   0.08   85       -1.07   0.16  -0.17              19.57        0.1       -0.1  1 
 Q1337+1121   2.92  2.508           20.12       0.05  -1.81   0.06   32    <  -5.42    nan    nan    < 14.3455404631        nan        nan  1 
 Q1337+1121   2.92  2.796            21.0       0.08  -1.86   0.09   42    <  -6.71    nan    nan    < 13.9124426028        nan        nan  1 
 Q1340-1340    3.2  3.118           20.05       0.08  -1.42   0.08  153    <  -6.62    nan    nan    < 13.0455404631        nan        nan  1 
 Q1354-1046   3.01  2.501           20.44       0.05  -1.51   0.11   71    <  -5.18    nan    nan    < 14.9124426028        nan        nan  1 
 Q1354-1046   3.01  2.967            20.8        0.1  -1.39    0.1   30    <  -6.75    nan    nan    < 13.6455404631        nan        nan  1 
 Q1418-0630   3.69  3.448            20.5        0.1  -1.43   0.13   35    <  -5.69    nan    nan    < 14.4124426028        nan        nan  1 
 Q1441+2737   4.42  4.224           20.95        0.1  -0.63    0.1  130       -2.36   0.17  -0.18              18.29       0.07      -0.08  1 
 Q1444+0126   2.21  2.087           20.25       0.07   -0.8   0.09  294        -1.8   0.21  -0.19              18.16       0.14      -0.12  1 
 Q1451+1223   3.25  2.469            20.4        0.1  -2.27   0.13   35    <   -4.5    nan    nan    < 15.5010299957        nan        nan  1 
 Q1451+1223   3.25  3.171            20.2        0.2   -2.1   0.21   45    <   -5.8    nan    nan    < 13.9010299957        nan        nan  1 
 Q2059-3604   3.09  2.507           20.29       0.07  -1.85    0.2   25    <  -5.07    nan    nan    <  14.853901891        nan        nan  1 
 Q2059-3604   3.09  3.083           20.98       0.08  -1.77   0.09   44    <  -6.85    nan    nan    <  13.753901891        nan        nan  1 
 Q2116-3550   2.34  1.996            20.1       0.07  -0.34   0.11  177    <  -4.75    nan    nan    < 14.9764348624        nan        nan  1 
 Q2123-0500   2.26  2.059           19.18       0.15   -0.3    nan   -1       -1.54    0.3   -0.3      17.64               0.15       0.15  4
 Q2138-4427   3.17  2.852           20.98       0.05  -1.74   0.05   58    <  -6.82    nan    nan    < 13.8124426028        nan        nan  1 
 Q2206-1958   2.56  1.921           20.67       0.05  -0.54   0.05  136    <  -5.44    nan    nan    < 14.8764348624        nan        nan  1 
 Q2206-1958   2.56  2.076           20.44       0.05  -2.32   0.05   20    <  -6.34    nan    nan    < 13.7455404631        nan        nan  1 
 Q2222-3939   2.18  2.154           20.85        0.1  -1.97    0.1   21    <  -6.35    nan    nan    < 14.1010299957        nan        nan  1 
 Q2228-3954   2.21  2.095            21.2        0.1  -1.36   0.12  138    <  -6.59    nan    nan    < 14.2124426028        nan        nan  1 
 Q2230+0232   2.15  1.864            20.9        0.1  -0.81    0.1  148    <   -4.8    nan    nan    < 15.7010299957        nan        nan  1 
 Q2243-6031   3.01  2.331           20.65       0.05  -0.85   0.05  173    <  -6.15    nan    nan    <  14.153901891        nan        nan  1 
 Q2311-3721   2.48  2.182           20.55       0.07  -1.57    0.1   77    <   -5.0    nan    nan    < 15.1764348624        nan        nan  1 
 Q2318-1107   2.96  1.989           20.68       0.05  -0.85   0.06  207       -4.89   0.08  -0.08              15.49       0.03      -0.03  1 
 Q2332-0924   3.32  3.057            20.5       0.07  -1.33   0.08  111    <  -6.45    nan    nan    < 13.6764348624        nan        nan  1 
 Q2343+1232   2.51  2.431            20.4       0.07  -0.87    0.1  289       -6.41   0.16  -0.16              13.69       0.09      -0.09  1 
 Q2344+1229   2.76  2.538            20.5        0.1  -1.81    0.1   69    <   -6.4    nan    nan    < 13.7010299957        nan        nan  1 
 Q2348-0108   3.01  2.426            20.5        0.1  -0.62    0.1  248       -1.69   0.38  -0.58              18.52       0.29      -0.49  1 
 Q2348-0108   3.01  2.615            21.3       0.08  -2.02   0.08   95    <   -7.2    nan    nan    < 13.7193310481        nan        nan  1 
 Q2348-1444   2.94  2.279           20.63       0.05   -2.1   0.08   55    <  -6.38    nan    nan    < 13.9010299957        nan        nan  1 
