|      Star| AzV|Region|RAh|RAm|   RAs| DE-|DEd|DEm|DEs|  Vmag|   B-V|E(B-V)tot|E(B-V)SMC|       SpType|Ref(SpType)|lNHI|  NHI  |Ref(HI)|  NH2  |T01(H2)|Ref(H2)|N(21cm)|Tpk(21cm)|
|      char|char|  char|int|int|double|char|int|int|int|double|double|   double|   double|         char|        int|char| double|   char| double|    int|    int| double|      int|
       Sk 5    4   -999   0  45    3.3    -  72  41  58  13.83    0.1      0.26      0.22         B2 Ib           1 -999 20.90         1  -999      -999    -999   21.43        47 
       -999    6   -999   0  45   18.2    -  73  15  24  13.31   0.05      0.36      0.32        O9 III           2 -999 21.54         1 19.11        77       1    22.0       134 
       Sk 7   10   -999   0  45   47.0    -  73  39  55  12.58  -0.02      0.13      0.09       B2.5 Ia           2 -999 21.54         2  -999      -999    -999   21.69        51 
       Sk 9   14   -999   0  46   32.6    -  73   6   6  13.55  -0.17      0.15      0.11          O5 V           3 -999 21.76         1 17.03        53       2   22.03       126 
      Sk 10   15   -999   0  46   42.2    -  73  24  56  13.12  -0.19      0.13      0.09    O6.5 II(f)           4 -999 21.58         1 18.32        81       1   21.89        95 
      Sk 11   16   -999   0  46   55.0    -  73   8  34  13.15    0.1      0.41      0.37         O9 II           1 -999  -999      -999 20.22        53       1   22.07       125 
      Sk 13   18   -999   0  47   12.2    -  73   6  33  12.44   0.03       0.2      0.16         B2 Ia           2 -999 22.04         1 20.36        66       3   22.12       142 
      Sk 15   22   -999   0  47   38.7    -  73   7  49   12.2  -0.01      0.08      0.04         B5 Ia           2    < 21.80         1  18.9      -999    -999    2.08        36 
      Sk 16   24   -999   0  47   41.9    -  73   2  37   13.7  -0.12      0.13      0.09        B1.5 V           5 -999 21.52         2  -999      -999    -999   22.06       158 
      Sk 17   23   -999   0  47   38.9    -  73  22  54  12.18   0.09      0.22      0.18         B3 Ia           2 -999 21.94         1  -999      -999    -999   21.93       113 
      Sk 18   26   -999   0  47   50.0    -  73   8  21  12.46  -0.17      0.15      0.11        O7 III           6 -999 21.70         1 20.63        53       2   22.06       138 
       -999  39a   -999   0  48   30.9    -  73  15  46  14.26  -0.18      0.12      0.08         WN5ha           7 -999 21.74         1 18.70       100       1   21.98       106 
       -999   43   -999   0  48   47.9    -  72  46  25  13.88  -0.12      0.19      0.15         O9 II           6 -999 20.91         1  -999      -999    -999   21.75        89 
       -999   47   -999   0  48   51.5    -  73  25  59  13.44  -0.18      0.13      0.09        O8 III           4 -999 21.32         1 18.54       102       1   21.81        87 
      Sk 27   48   -999   0  49    3.0    -  73  21  41  11.03  -0.04      0.05      0.01         B5 Ia           2    < 21.00         2  -999      -999    -999   21.91       100 
       -999  60a   -999   0  49   59.4    -  73  22  14  14.48  -0.12       nan       nan      WN3h+O9:           7 -999 21.81         1 19.57        55       1   21.88       102 
      Sk 32   61   -999   0  50    1.9    -  72  11  27  13.54  -0.18      0.14       0.1 O5.5 III((f))           3    < 20.85         1  -999      -999    -999   21.38        54 
      Sk 34   69   -999   0  50   17.2    -  72  53  30  13.27  -0.18      0.13      0.09  OC7.5 III(f)           4 -999 21.59         1 18.73        90       2   22.03       133 
      Sk 35   70   -999   0  50   18.1    -  72  38  10  12.39  -0.16      0.11      0.07      O9.5 Ibw           8 -999 21.00         2  -999      -999    -999   21.56        49 
      Sk 36   71   -999   0  50   26.1    -  72  12  10  13.58   0.01       0.3      0.26         B0 II           1 -999 21.00         2  -999      -999    -999    21.4        53 
      Sk 38   75   -999   0  50   32.4    -  72  52  36   12.7  -0.15      0.17      0.13    O5 III(f+)           4 -999 21.79         1 18.51        47       2   22.03       145 
       -999   77   -999   0  50   33.5    -  72  47  45  13.92  -0.19      0.13      0.09        O7 III           6 -999 21.85         1  -999      -999    -999    21.9       104 
      Sk 40   78   -999   0  50   38.4    -  73  28  18  11.05  -0.05      0.14       0.1        B1 Ia+           8 -999 21.54         2  -999      -999    -999   21.84        77 
       -999   80   -999   0  50   43.8    -  72  47  42  13.32  -0.13      0.19      0.15     O4-6n(f)p           4 -999 21.81         1 20.08        84       1   21.89       110 
      Sk 41   81   -999   0  50   43.4    -  73  27   6  13.37  -0.12      0.18      0.14          WN6h           7 -999  -999      -999 18.64       115       1   21.86        87 
       -999   83   -999   0  50   52.0    -  72  42  15  13.31  -0.12      0.18      0.14       O7 Iaf+           4 -999 21.04         1 15.16       125       2   21.57        49 
      Sk 42   86   -999   0  51    5.8    -  72   0  31   12.8  -0.15      0.04       0.0         B1 Ia           2    < 20.76         1  -999      -999    -999   21.42        62 
       -999   95   -999   0  51   21.6    -  72  44  15  13.78  -0.18      0.14       0.1        O7 III           4 -999 21.49         1 19.40        78       2   21.77        88 
       -999  104   -999   0  51   38.4    -  72  48   6  13.17  -0.16      0.06      0.02       B0.5 Ia           2 -999 21.45         1 19.23        73       1   21.85        79 
       -999  126   -999   0  52   30.7    -  72  39  31   13.4  -0.01      0.23      0.19         B0 Ia           9 -999 21.70         2  -999      -999    -999   21.86        88 
       -999  132   -999   0  52   41.4    -  73  12   7  13.75  -0.07       nan       nan            B2           9 -999 21.77         1  -999      -999    -999   21.94       109 
       -999  148   -999   0  53   42.2    -  72  42  35  14.12   -0.2      0.11      0.07        O8.5 V           5 -999 21.38         1  -999      -999    -999    21.8        65 
    SMC WR9 -999   -999   0  54   29.3    -  72  44  34  15.24  -0.12       nan       nan         WN3ha           7 -999 21.48         1 19.41       123       1   21.83        66 
       -999  170   -999   0  55   42.4    -  73  17  31  13.93  -0.19      0.11      0.08      O9.7 III           4 -999 21.14         1 19.67        53       1    21.7        44 
 NGC330-B22 -999   -999   0  56   10.1    -  72  27  32  14.29  -0.13      0.08      0.04         B2 II          10 -999 21.59         1  -999      -999    -999   21.75        82 
 NGC330-B37 -999   -999   0  56   20.8    -  72  28  34  13.19  -0.07      0.06      0.02         B3 Ib          10 -999 21.59         1  -999      -999    -999    21.8        88 
 NGC330-A02 -999   -999   0  56   24.9    -  72  27  42   12.9  -0.05      0.06      0.02         B4 Ib          10    < 21.60         1  -999      -999    -999   21.79        96 
 NGC330-A01 -999   -999   0  56   25.8    -  72  27  53   14.7  -0.18       0.1      0.06    B0.5 III/V          11 -999 21.51         1  -999      -999    -999   21.79        96 
      Sk 64  175   -999   0  56   38.1    -  72  36  35  13.53  -0.08      0.16      0.12         B1 II           6 -999  -999      -999 19.80       121       1   21.88       122 
       -999  177   -999   0  56   44.1    -  72   3  32  14.53  -0.21      0.11      0.07        O4-5 V           8 -999 21.13         1  -999      -999    -999   21.55        74 
      Sk 65  180   -999   0  56   55.3    -  72  24  21  13.03   0.02      0.18      0.14         B2 Ib          11 -999 21.95         2  -999      -999    -999    21.9       114 
       -999  189   -999   0  57   32.5    -  72  28  51  14.37  -0.11       0.2      0.16          O9 V           5 -999 21.87         1  -999      -999    -999   21.88       122 
 NGC346- 12 -999   -999   0  58   14.2    -  72  10  46  14.87  -0.15      0.15      0.11     O9.5-B0 V           4 -999 21.81         1 20.42        38       1   21.72        89 
 NGC346-113 -999   -999   0  58   31.8    -  72  11   0  14.93  -0.22       0.1      0.06        OC6 Vz           4 -999 21.28         1  -999      -999    -999   21.72       100 
       -999  207   -999   0  58   33.2    -  71  55  47  14.25   -0.2      0.12      0.09   O7.5 V((f))           3 -999 21.43         1 19.40        78       2    21.6        93 
       -999  208   -999   0  58   33.3    -  72  39  32  14.07    0.0      0.31      0.27          O8 V           5 -999 21.85         1 20.00        62       1   21.89       113 
      Sk 73  210   -999   0  58   35.8    -  72  16  25   12.6  -0.02      0.16      0.12       B1.5 Ia           2 -999 21.85         1 19.36        82       1   21.77        72 
       -999  214   -999   0  58   54.8    -  72  13  17  13.31   0.03      0.29      0.26        B1 III           5 -999 21.78         3  -999      -999    -999   21.81       102 
 NGC346-299 -999   -999   0  58   55.2    -  72   9   7   15.5   -0.3      0.01     -0.02         O8 Vn          11 -999 20.85         1  -999      -999    -999   21.64        82 
      Sk 76  215   -999   0  58   55.6    -  72  32   9  12.69  -0.09      0.15      0.11        BN0 Ia           2 -999 21.86         1 19.59        83       1   21.97       135 
 NGC346-324 -999   -999   0  58   57.6    -  72  10  36  14.02  -0.24      0.09      0.05     O4 V((f))           4 -999 21.11         1 15.74       105       2   21.68        87 
       -999  216   -999   0  58   59.1    -  72  44  34  14.22  -0.13      0.13      0.09        B1 III           4 -999 21.64         1 18.78      -999       1   21.89        78 
 NGC346-342 -999   -999   0  59    0.4    -  72  10  38  13.66  -0.23      0.09      0.06        O5-6 V           4 -999 21.07         1 15.37        90       2   21.68        87 
 NGC346-355 -999   -999   0  59    0.9    -  72  10  30   13.5  -0.23      0.09      0.06    O2 III(f*)           4 -999 21.04         1 15.62        61       2   21.68        87 
 NGC346-356 -999   -999   0  59    1.0    -  72  11   9   15.5  -0.26      0.06      0.03        O6.5 V           6 -999 21.48         1  -999      -999    -999   21.74        90 
 NGC346-368 -999   -999   0  59    2.0    -  72  10  33  14.18  -0.23      0.09      0.06   O4-5 V((f))           4 -999 21.07         1  -999      -999    -999   21.68        87 
       -999  218   -999   0  59    4.3    -  72  19  41   13.8  -0.13      0.11      0.07         B1 II           6 -999 21.72         1  -999      -999    -999   21.74        94 
 NGC346-435 -999   -999   0  59    4.7    -  72  10  27  12.57   -0.2      0.12      0.09  O4 III(n)(f)           4 -999 20.99         1  -999      -999    -999   21.68        87 
 NGC346-487 -999   -999   0  59    6.7    -  72  10  41  14.53  -0.22       0.1      0.07        O6.5 V           4 -999 21.32         1  -999      -999    -999   21.62        73 
 NGC346-523 -999   -999   0  59    8.7    -  72  10  14  15.51  -0.26      0.06      0.03         O7 Vz          11 -999 20.94         1  -999      -999    -999   21.62        73 
       -999  220   -999   0  59   10.0    -  72   5  48  14.35  -0.18      0.14      0.11       O6.5f?p           4 -999 21.04         1  -999      -999    -999   21.63        86 
 NGC346-637 -999   -999   0  59   14.5    -  72  12   0  14.98  -0.16      0.14      0.11          B0 V          11 -999 21.65         1 19.01        89       1   21.67        64 
 NGC346-682 -999   -999   0  59   18.7    -  72  11  12  14.87  -0.24      0.07      0.04          O8 V           4 -999 21.18         1  -999      -999    -999   21.56        48 
      Sk 78  229   -999   0  59   26.6    -  72   9  54  11.85  -0.23      0.07      0.04          WN6h           7 -999 21.06         1 15.66       101       2   21.54        72 
 NGC346-E46 -999   -999   0  59   31.8    -  72  13  35  15.44  -0.28      0.04      0.01         O7 Vn          11 -999 21.29         1  -999      -999    -999    21.6        73 
      Sk 80  232   -999   0  59   32.0    -  72  10  46  12.31  -0.19      0.11      0.08       O7 Iaf+           4 -999 21.02         1 15.26       402       2    21.5        52 
      Sk 82  235   -999   0  59   45.7    -  72  44  56  12.16  -0.15      0.09      0.05        B0 Iaw           4 -999 21.40         2 15.89       280       2   21.79        63 
 NGC346-E31 -999   -999   0  59   54.0    -  72   4  31  15.02  -0.26      0.05      0.02         O8 Vz          11 -999 20.93         1  -999      -999    -999   21.41        73 
       -999  238   -999   0  59   55.5    -  72  13  38  13.64  -0.17      0.13       0.1      O9.5 III           4 -999 21.41         1 15.95       125       2   21.53        56 
      Sk 84  243   -999   1   0    6.7    -  72  47  19  13.84  -0.17      0.15      0.11          O6 V           4 -999 21.52         1 18.85        68       1   21.74        66 
      Sk 85  242   -999   1   0    6.9    -  72  13  57  12.07  -0.12      0.07      0.04         B1 Ia           2 -999 21.32         1 17.21        94       2   21.59        70 
       -999  258   -999   1   0   44.5    -  72  29  50  13.69  -0.01       0.3      0.26        O9 III           1 -999 21.60         2  -999      -999    -999   21.71        73 
       -999  261   -999   1   0   58.7    -  72  30  50  13.88  -0.07      0.22      0.18        O8.5 I           5 -999 21.43         1 19.26        71       1    21.7        66 
      Sk 94  264   -999   1   1    7.8    -  71  59  59  12.37  -0.15      0.04      0.01         B1 Ia           2    < 20.70         2 14.74        60       2   21.48        70 
      Sk 95  266   -999   1   1    9.4    -  72  27  29  12.55  -0.12      0.07      0.03      B1 (Iab)          11 -999  -999      -999 18.90      -999       1   21.74        76 
       -999  267   -999   1   1   15.7    -  72   6  35  14.84  -0.26      0.05      0.02          O8 V           6    < 20.71         1  -999      -999    -999   21.57        84 
      Sk101  287   -999   1   1   57.2    -  72  12  42  12.85    0.0      0.27      0.24      O9.5 Iab           8 -999 20.78         2  -999      -999    -999   21.54        73 
      Sk103  289   -999   1   1   58.8    -  72  35  39  12.34  -0.11      0.13      0.09        B0 Iaw           4 -999 21.60         2  -999      -999    -999   21.74        71 
       -999  296   -999   1   2    8.6    -  72  13  20  14.26  -0.19      0.12      0.09   O7.5 V((f))           3 -999 21.21         1  -999      -999    -999   21.54        73 
       -999  304   -999   1   2   21.5    -  72  39  15  14.98   -0.2       0.1      0.07          B0 V           1 -999 21.48         1 19.57        64       1    21.8        71 
       -999  307   -999   1   2   32.2    -  72  39  43  13.96  -0.16      0.15      0.12        O9 III           6 -999 21.40         1  -999      -999    -999   21.76        73 
      Sk107  317   -999   1   2   52.0    -  71  48  25  12.88  -0.19      0.05      0.02         B0 Iw           6    < 20.70         2  -999      -999    -999    21.7       113 
       -999  321   -999   1   2   57.1    -  72   8   9  13.76  -0.19      0.12      0.09       O9 IInp           8 -999 20.79         1  -999      -999       2   21.76       116 
       -999  326   -999   1   3    9.3    -  72  25  57  13.92  -0.12      0.19      0.16          O9 V           5 -999 20.60         1  -999      -999    -999   21.66        76 
       -999  327   -999   1   3   10.5    -  72   2  14  13.03  -0.16      0.13       0.1   O9.5 II-Ibw           4 -999 20.93         1 14.79       104       2   21.77       111 
      Sk108  332   -999   1   3   25.2    -  72   6  44   12.4  -0.24       nan       nan   WN3+O6.5(n)           4 -999 20.54         2 14.50      -999       4   21.79        93 
       -999  334   -999   1   3   26.6    -  72  57   3  13.78  -0.15      0.15      0.12      O9.5 III          11 -999  -999      -999 19.04      -999       1   21.77        75 
      Sk114  362   -999   1   4   49.4    -  72   6  22  11.36  -0.03       0.1      0.07         B3 Ia           2    < 21.42         1  -999      -999    -999   21.68        76 
      Sk116  372   -999   1   4   55.7    -  72  46  48  12.59  -0.15      0.13       0.1       O9 Iabw           4 -999 21.57         1 18.53       107       1   21.73        53 
      Sk119  373   -999   1   4   58.1    -  72  40   0  12.19  -0.09      0.08      0.05         B2 Ia           2 -999 21.65         2  -999      -999    -999    21.8        89 
       -999  374   -999   1   5    1.9    -  72  26  54  13.04  -0.13      0.03       0.0         B2 Ib           2 -999  -999      -999 18.45      -999       1   21.66        68 
       -999  378   -999   1   5    9.4    -  72   5  35  13.77   -0.2       0.1      0.07      O9.5 III           3 -999 21.14         1 14.92        42       2   21.68        68 
      Sk120  380      w   1   5   24.8    -  73   3  53  13.47  -0.09       0.1      0.07         B1 Ia           1 -999 21.54         2  -999      -999    -999   21.69        65 
       -999  388   -999   1   5   39.5    -  72  29  27  14.09  -0.21      0.11      0.08          O4 V           4 -999 21.18         1 19.40        63       2   21.66        60 
      Sk124  393   -999   1   5   56.3    -  72  19  45  11.48  -0.03      0.14      0.11         B2 Ia          12    < 21.04         1  -999      -999    -999   21.63        59 
       -999  398   -999   1   6    9.8    -  71  56   1   13.9   0.07      0.33       0.3       O9.7 Ia          12 -999 22.08         3  -999      -999    -999   21.85       121 
      Sk128  404   -999   1   6   29.3    -  72  22   9  12.22  -0.11      0.04      0.01      B2.5 Iab           2    < 20.63         1  -999      -999    -999   21.57        56 
      Sk132  423      w   1   7   40.4    -  72  51   0  13.25  -0.17      0.13       0.1    O9.5 II(n)           4 -999 21.49         1 18.62       108       1   21.74        62 
       -999  429   -999   1   7   59.9    -  72   0  54  14.63   -0.2      0.12      0.09          O7 V           6 -999 21.66         1  -999      -999    -999   21.77        98 
       -999  435   -999   1   8   17.9    -  71  59  55   14.0  -0.06      0.26      0.23    O3 V((f*))           3 -999 21.54         1 19.88        49       1   21.79       103 
       -999  439   -999   1   8   51.1    -  71  49  52  14.64  -0.23      0.07      0.04      O9.5 III           6    < 20.18         1  -999      -999    -999   21.61        86 
       -999  440   -999   1   8   56.0    -  71  52  47  14.48  -0.18      0.13       0.1          O8 V           3 -999 21.38         1 18.88        71       1   21.67        86 
      Sk137  443   -999   1   9    4.0    -  72  32  18  10.98  -0.07      0.08      0.05       B2.5 Ia           2 -999 21.00         2  -999      -999    -999   21.57        49 
      Sk138  445   -999   1   9   15.8    -  72  25  14  12.71  -0.06      0.03       0.0        B5 Iab           2    < 21.23         2  -999      -999    -999   21.46        47 
       -999  446      w   1   9   25.4    -  73   9  30  14.59  -0.24      0.08      0.05        O6.5 V           3 -999 21.19         1  -999      -999    -999   21.67        68 
       -999  451   -999   1  10   26.1    -  72  23  29  13.97  -0.22      0.08      0.05          O9 V           3    < 20.87         1  -999      -999    -999   21.53        53 
      Sk142  454      w   1  10   45.0    -  72  43   9  13.54   -0.1      0.21      0.18      O8.5 III          11    < 21.00         4  -999      -999    -999   21.65        50 
      Sk143  456      w   1  10   55.8    -  72  42  56  12.83    0.1      0.36      0.33       O9.7 Ib          12 -999 21.00         1 20.93        45       3   21.63        52 
       -999  461   -999   1  11   25.6    -  72   9  49  14.57  -0.23      0.08      0.05          O8 V          11 -999 20.78         1  -999      -999    -999   21.63        79 
      Sk145  462      w   1  11   25.9    -  72  31  21  12.54  -0.13      0.05      0.02       B1.5 Ia           2 -999 20.78         2 17.65      -999       3   21.61        65 
       -999  468      w   1  12    5.9    -  72  40  57  15.11  -0.25      0.06      0.03        O8.5 V           6 -999 20.72         1  -999      -999    -999    21.6        38 
      Sk148  469      w   1  12   29.0    -  72  29  29  13.12  -0.16      0.15      0.12  O8.5 II((f))           4 -999 21.30         5  -999      -999    -999   21.53        48 
      Sk150  472      w   1  13    1.9    -  72  45  49  12.62  -0.11      0.06      0.03         B2 Ia           2 -999  -999      -999 20.30        71       1   21.72        77 
       -999  476      w   1  13   42.5    -  73  17  30  13.52  -0.09      0.23       0.2        O6.5 V           5 -999 21.85         1 20.95        54       1   21.82       131 
      Sk155  479      w   1  14   50.3    -  73  20  18  12.46  -0.15      0.13       0.1         O9 Ib           2 -999 21.42         1 19.15        82       1   21.77       115 
       -999  480      w   1  14   55.0    -  72  21  38  14.34  -0.03      0.29      0.26       O4-7 Ve          11 -999 21.42         1 18.59        93       1   21.55        59 
      Sk156  483      w   1  15   28.6    -  73  19  50  11.87  -0.09      0.09      0.06      B1.5 Ia+           8 -999 21.13         1 18.85        83       1   21.75       101 
      Sk157  486      w   1  15   52.1    -  73  20  49  12.07  -0.19      0.11      0.08      O9.5 III           9 -999 21.18         2 19.18        73       1   21.72        83 
      Sk159  488      w   1  15   58.9    -  73  21  24  11.89  -0.14      0.08      0.05      B0.5 Iaw           4 -999 21.15         1 18.94        84       2   21.71        81 
      Sk160  490      w   1  17    5.2    -  73  26  36  13.15  -0.15      0.15      0.12       O9.5 II           2 -999 21.46         1 19.78        81       1   21.66        67 
       -999  491      w   1  17   16.9    -  73  10   1  14.72   -0.2      0.11      0.08      O7.5 III           5 -999 21.40         1 19.06      -999       1   21.74        74 
      Sk164  499      w   1  20    6.2    -  72  32   8  13.21  -0.13       0.0     -0.03       B3 (Ib)          11 -999 20.90         2  -999      -999    -999   21.44        38 
      Sk169  506      w   1  22   11.2    -  73  26  52  13.53  -0.17      0.09      0.06          B1 V           5 -999 21.35         1 18.93        95       1    21.5        43 
      Sk188 -999      w   1  31    4.1    -  73  25   4  12.83  -0.16       nan       nan       WO3+O4V           7    < 20.30         2 15.70        91       2   21.24        47 
      Sk190 -999      w   1  31   28.0    -  73  22  14  13.54  -0.18      0.11      0.07        O8 Iaf          13 -999 20.62         1  -999      -999    -999   21.08        37 
      Sk191 -999      w   1  41   42.1    -  73  50  38  11.85  -0.04      0.14       0.1       B1.5 Ia           2 -999 21.51         1 20.65        43       1     nan      -999 
