|          Star| HD/BI| Reg|RAh|RAm|   RAs| DE-|DEd|DEm|DEs|  Vmag|   B-V|E(B-V)tot|E(B-V)LMC|       SpType|Ref(SpType)|lNHI|  NHI |Ref(HI)|lNH2|  NH2  |T01(H2)|Ref(H2)|N(21cm)|Tpk(21cm)|
|          char|  char| int|int|int|double|char|int|int|int|double|double|   double|   double|         char|        int|char|double|    int|char| double|    int|    int|   char|      int|
 RXJ0439.8-6809   -999 -999   4  39   49.7    -  68   9   2   21.6    nan       nan       nan          -999        -999    < 20.70        1 -999  -999      -999    -999   20.33         9 
        Sk-67 2 270754 -999   4  47    4.5    -  67   6  53  11.26   0.07      0.26      0.24        B1 Ia+           1 -999 21.00        2 -999 20.95        46       1   21.32        46 
        Sk-67 5 268605 -999   4  50   18.9    -  67  39  38  11.34  -0.12      0.14      0.11       O9.7 Ib           2 -999 21.00        1 -999 19.46        57       2   21.20        47 
        Sk-66 1 268623 -999   4  52   19.1    -  66  43  53  11.62  -0.06      0.11      0.09         B2 Ia           1 -999  -999     -999 -999 19.19       102       3   21.11        44 
       Sk-69 19   -999 -999   4  52   25.0    -  69  30  21  12.84  -0.07      0.15      0.05          B0.5           3 -999 21.57        2 -999  -999      -999    -999   21.29        68 
           BI 9   -999 -999   4  52   47.9    -  68  47  39   13.7  -0.22      0.09      0.01 O7.5 III((f))           4    < 20.73        1 -999  -999      -999    -999   21.01        20 
       Sk-67 14 268685 -999   4  54   31.9    -  67  15  25  11.53   -0.1      0.08      0.04       B1.5 Ia           1    < 20.76        1 -999 15.01       270       2   21.27        51 
       Sk-67 20  32109 -999   4  55   31.4    -  67  30   3  13.79  -0.26      0.13      0.09          WN4b           5 -999  -999     -999 -999 18.67        72       2   20.54        11 
       Sk-66 19   -999 -999   4  55   54.0    -  66  24  59  12.79   0.12      0.36      0.33         B0 Ia           6 -999 21.85        2 -999 20.20        77       4   21.49        89 
       Sk-69 42  32257 -999   4  56    2.9    -  69  27  22  14.14  -0.15      0.25      0.16           WC4           5 -999 21.08        1 -999  -999      -999    -999   21.04        32 
       Sk-69 43 268809 -999   4  56   10.5    -  69  15  38  11.96  -0.08      0.12      0.03         B1 Ia           1    < 20.50        1 -999  -999      -999    -999   20.80        26 
       Sk-66 21  32125 -999   4  56   11.1    -  66  17  33  14.33   0.04      0.44      0.41           WC4           7 -999 21.23        1 -999  -999      -999    -999   21.48        47 
      LH10-3070   -999 -999   4  56   43.3    -  66  25   2  12.75  -0.22       0.1      0.07          O6 V           8 -999  -999     -999 -999 19.21        66       3   21.39        48 
      LH10-3073   -999 -999   4  56   43.4    -  66  24  54  14.71   -0.1      0.22      0.19        O6.5 V           8 -999  -999     -999 -999 19.16        69       3   21.39        48 
      LH10-3102   -999 -999   4  56   45.4    -  66  24  46  13.55   -0.1      0.22      0.19          O7 V           8 -999  -999     -999 -999 18.69        70       3   21.39        48 
      LH10-3120   -999 -999   4  56   46.8    -  66  24  47   12.8  -0.07      0.25      0.22  O5.5 V((f*))           8 -999 21.39        1 -999  18.3        71       3   21.39        48 
      LH10-3157   -999 -999   4  56   50.6    -  66  24  35  12.47  -0.02      0.17      0.14         B1 Ia           9 -999  -999     -999 -999 18.94        76       3   21.57        58 
      LH10-3223   -999 -999   4  57    0.8    -  66  24  25  12.95  -0.12      0.19      0.16          O8 V           9 -999 21.51        1 -999 18.69        62       3   21.61        58 
       Sk-66 35 268732 -999   4  57    4.4    -  66  34  39  11.58  -0.08      0.11      0.08        BC1 Ia           1 -999 20.60        2 -999 19.30        71       3   21.49        77 
       Sk-68 11   -999 -999   4  57    4.8    -  68  24  11  12.23  -0.08      0.15      0.07       B0.5 Ia          10 -999 20.70        2 -999  -999      -999    -999   21.12        43 
       Sk-68 15  32402 -999   4  57   24.1    -  68  23  57   12.9  -0.13      0.27      0.19           WC4           7    < 21.00        1 -999  -999      -999       3   20.97        28 
       Sk-67 22   -999 -999   4  57   27.4    -  67  39   3  13.44  -0.18      0.12      0.07      O2If/WN5          11 -999 21.11        1 -999  -999      -999       3   21.10        35 
       Sk-66 40   -999 -999   4  57   41.0    -  66  32  43  12.89   0.03      0.27      0.24         WN10h          12 -999 21.59        1 -999  -999      -999    -999   21.50        68 
       Sk-69 52 268867 -999   4  57   48.9    -  69  52  23  11.52  -0.03      0.14      0.06         B2 Ia           1 -999  -999     -999 -999 18.91        67       3   20.70        19 
       Sk-68 23   -999 -999   5   0   49.5    -  68   7  10  12.83   0.16      0.29      0.23          B3 I          13 -999 21.18        3 -999  -999      -999    -999   21.13        40 
       Sk-65 21   -999 -999   5   1   22.3    -  65  41  48  12.16  -0.17       0.1      0.08      O9.7 Iab          14    < 20.50        1 -999 18.21        90       2   20.75        16 
       Sk-65 22 270952 -999   5   1   23.1    -  65  52  33  12.08  -0.19      0.11      0.09       O6 Iaf+          14 -999 20.58        1 -999 14.93       117       2   20.98        22 
       Sk-68 26   -999 -999   5   1   32.2    -  68  10  43  11.65   0.12      0.29      0.22        BC2 Ia           1 -999 21.54        2 -999 20.38        59       1   21.22        63 
     LMC-054383   -999 -999   5   2   10.0    -  70  32  58   14.1  -0.19      0.13      0.05   O4-5 V((f))           4    < 20.50        1 -999  -999      -999    -999   20.45        10 
       Sk-66 51  33133 -999   5   3    8.9    -  66  40  58   12.7   -0.2      0.06      0.03          WN8h           5 -999  -999     -999 -999 17.50        30       2   20.53        19 
       Sk-69 59 268960 -999   5   3   12.7    -  69   1  37  12.12  -0.12      0.12      0.04         B0 Ia          11 -999  -999     -999    < 13.98      -999       2   21.01        32 
       Sk-70 60   -999 -999   5   4   40.8    -  70  15  35  13.88  -0.16      0.16      0.08          O4 V          15 -999  -999     -999    < 14.34      -999       2  <20.35         5 
       Sk-70 58   -999 -999   5   4   42.2    -  70   6  51  12.84  -0.08      0.14      0.06          B0.5           3 -999 21.34        2 -999  -999      -999    -999   21.32        63 
       Sk-70 69   -999 -999   5   5   18.7    -  70  25  50  13.95  -0.23      0.09      0.01          O5 V          14    < 20.50        1    < 14.44      -999       2   20.45         8 
       Sk-68 41   -999 -999   5   5   27.1    -  68  10   3  12.04  -0.14      0.08      0.02       B0.5 Ia           1    < 20.50        1    < 14.18      -999       2   21.32        65 
       Sk-68 46   -999 -999   5   6   14.8    -  68  33   1  12.46  -0.03      0.24      0.18       O9.5 Ib          13 -999 21.51        2 -999  -999      -999    -999   21.33        36 
       Sk-70 79   -999 -999   5   6   37.3    -  70  29  24  12.71  -0.06      0.24      0.16        B0 III          16 -999 21.18        2 -999 20.26        86       3   21.29        47 
       Sk-68 52 269050 -999   5   7   20.4    -  68  32   9  11.63  -0.07      0.18      0.12         B0 Ia          14 -999 21.40        1 -999 19.47        60       2   21.30        48 
        Sk-71 8   -999 -999   5   7   23.3    -  71  11  54  13.25  -0.14      0.17       0.1         O9 II          15 -999  -999     -999 -999 19.02       113       3   20.75        13 
       Sk-67 69   -999 -999   5  14   20.1    -  67   8   3  13.09  -0.16      0.16       0.1     O4 III(f)          14 -999  -999     -999 -999 15.47       115       2   21.21        47 
       Sk-69 83 269244 -999   5  14   29.6    -  69  29  44  11.63  -0.15      0.15      0.08      O7.5 Iaf           1    < 20.70        2 -999  -999      -999    -999   20.64         7 
       Sk-70 85   -999 -999   5  17    5.8    -  70  19  23  12.32  -0.03      0.21      0.14          B0 I          13 -999  -999     -999 -999 18.45        77       3   21.26        22 
       Sk-69 89 269311 -999   5  17   17.5    -  69  46  44  11.35  -0.05      0.11      0.05       B2.5 Ia           1    < 20.70        2 -999  -999      -999    -999   21.41        40 
      Sk-69 104 269357 -999   5  18   59.5    -  69  12  55   12.1  -0.21       0.1      0.04      O6 Ib(f)          14    < 20.68        1    < 14.03      -999       2   21.26        38 
      Sk-69 106  35517 -999   5  19   16.3    -  69  39  20  11.97  -0.19       nan       nan WC6+O5-6V-III           5 -999  -999     -999 -999 18.48        55       3   21.21        29 
      Sk-69 108 269392 -999   5  19   51.8    -  69  53   9  12.12   0.24      0.37      0.31          B3 I           6 -999 21.48        3 -999  -999      -999    -999   20.97        34 
       Sk-67 76   -999 -999   5  20    5.7    -  67  21  11  12.42  -0.13      0.11      0.05         B0 Ia          11 -999  -999     -999 -999 14.97       120       2   20.85        14 
       Sk-67 78 269371 -999   5  20   19.1    -  67  18   6  11.27  -0.04      0.09      0.03         B3 Ia           1    < 20.70        2 -999  -999      -999    -999   20.96        26 
       Sk-65 47   -999 -999   5  20   54.7    -  65  27  18   12.6  -0.16      0.15       0.1    O4 I(n)f+p          11    < 20.50        1 -999  -999      -999    -999  <20.35         7 
      Sk-68 72a   -999 -999   5  22   46.7    -  68   3  56  12.99  -0.05      0.26       0.2         O9 II          15 -999 21.48        2 -999  -999      -999    -999   21.66        85 
       Sk-68 73 269445 -999   5  22   59.8    -  68   1  47  11.45   0.27       0.4      0.34         Of/WN          12 -999 21.60        1 -999 20.09        57       3   21.62        93 
       Sk-67 90 269440 -999   5  23    0.7    -  67  11  22  11.34   -0.1      0.09      0.03       B1.5 Ia           1 -999 20.60        2 -999  -999      -999    -999   21.45        70 
       Sk-68 75 269463 -999   5  23   28.4    -  68  12  23  12.03  -0.06      0.13      0.07          B1 I          13 -999 21.00        2 -999  -999      -999    -999   21.41        46 
         BI 155   -999 -999   5  23   48.6    -  67  53  53  14.03   -0.2      0.12      0.06          O7 V          15 -999 20.75        1 -999  -999      -999    -999   21.56        71 
      SMP-61-CS   -999 -999   5  24   36.0    -  73  40  39    nan    nan      0.12      0.03         WC5-6          17    < 20.50        1 -999  -999      -999    -999   20.27         6 
       Sk-66 86   -999 -999   5  24   56.6    -  66   4  44  12.89  -0.03      0.19      0.14          B0.5           3 -999 21.48        2 -999  -999      -999    -999   21.37        42 
      Sk-69 124   -999 -999   5  25   18.3    -  69   3  12  12.77  -0.16       0.1      0.04        O9.7 I           4    < 20.50        1    < 14.14      -999       2   20.41         8 
       Sk-66 88   -999 -999   5  25   37.2    -  66  14  29   12.7    0.2      0.38      0.32       B1.5 Ia          18 -999 21.74        3 -999  -999      -999    -999   21.63        95 
      Sk-67 100 269504 -999   5  25   38.9    -  67  19   0  11.96  -0.09       0.1      0.05         B1 Ia           1    < 20.70        2 -999  -999      -999    -999   21.13        30 
      Sk-67 101 BI 169 -999   5  25   56.3    -  67  30  29  12.67  -0.23      0.08      0.03         O8 II          14    < 20.61        1    < 14.14      -999       2   21.28        35 
      Sk-67 104  36402 -999   5  26    4.0    -  67  29  57  11.44  -0.17       nan       nan       WC4+O8I           5    < 20.48        1    < 14.28      -999       2   21.18        23 
      Sk-67 105   -999 -999   5  26    6.2    -  67  10  57  12.42  -0.15      0.17      0.12     O4f+O6:V:          19 -999 21.48        1 -999 19.13        62       3   21.07        35 
      Sk-67 106 269525 -999   5  26   15.2    -  67  30   0  12.78  -0.17      0.07      0.02           B0:           3    < 20.57        1 -999  -999      -999    -999   21.23        21 
      Sk-67 107   -999 -999   5  26   20.7    -  67  29  56  12.32  -0.19      0.05       0.0            B0           3    < 20.59        1 -999  -999      -999    -999   21.23        21 
      Sk-67 108   -999 -999   5  26   26.5    -  67  37  20  12.57   -0.2      0.12      0.07      O4-5 III           1    < 20.70        2 -999  -999      -999    -999   21.29        43 
       Sk-68 80  36521 -999   5  26   30.3    -  68  50  28  12.41  -0.21       nan       nan   WC4+O6V-III           5 -999  -999     -999    < 13.98      -999       2   20.81        10 
       LH58-496   -999 -999   5  26   44.2    -  68  48  42  13.73  -0.23      0.09      0.03     O5 V((f))          10    < 20.80        1 -999  -999      -999    -999   21.08        38 
       Sk-68 82 269546 -999   5  26   45.3    -  68  49  53   9.89  -0.04       nan       nan   WN5b(h)+B3I          20 -999 20.30        4    < 15.40      -999       4   21.08        38 
         BI 170   -999 -999   5  26   47.7    -  69   6  12  13.06   -0.2      0.07      0.01       O9.5 Ib          14    < 20.90        1    < 14.14      -999       2   21.17        29 
      Sk-67 111   -999 -999   5  26   48.1    -  67  29  30   12.6  -0.21      0.09      0.04    O6 Ia(n)fp          14 -999  -999     -999    < 14.74      -999       2   21.20        37 
         BI 173   -999 -999   5  27    9.9    -  69   7  57  12.96  -0.16      0.15      0.09    O8.5 II(f)           4 -999 21.34        1 -999 15.64       117       2   21.05        37 
       Sk-70 91   -999 -999   5  27   33.6    -  70  36  48  12.78  -0.23      0.09      0.03  O2III(f*)+OB          14 -999  -999     -999 -999 14.81       156       2   21.11        40 
      Sk-66 100   -999 -999   5  27   45.5    -  66  55  15  13.26  -0.21      0.11      0.06         O6 II          14    < 20.50        1    < 14.28      -999       2   20.45         7 
     Sk-69 142a 269582 -999   5  27   52.7    -  68  59   9  10.69    0.1      0.34      0.28         WN10h           5 -999 20.90        1    < 14.18      -999       2   21.00        14 
      LH64-16W8   -999 -999   5  28   47.0    -  68  47  48  13.61  -0.22       0.1      0.04   ON2 III(f*)          14 -999 20.70        1 -999  -999      -999    -999   20.86        14 
       LMC1-233   -999 -999   5  29   46.2    -  71   9  22  13.77  -0.02      0.28      0.22          B0 V          16 -999 21.57        1 -999  -999      -999    -999   21.35        81 
       LMC1-246   -999 -999   5  29   47.3    -  71   9   0  15.04   0.06      0.32      0.26         B1: V          16 -999 21.65        1 -999  -999      -999    -999   21.35        81 
       LMC1-548   -999 -999   5  29   51.8    -  71   4   7  14.82   0.04      0.29      0.23        B1.5 V          16 -999 20.97        1 -999  -999      -999    -999   21.32        63 
          HV982   -999 -999   5  29   52.5    -  69   9  22   14.6    nan      0.09      0.03 B1IV-V+B1IV-V          21 -999 21.00        2 -999  -999      -999    -999   21.14        31 
       LMC1-413   -999 -999   5  30   11.8    -  71   6   0  14.54  -0.17      0.11      0.05        B0.5 V          16 -999 21.10        1 -999  -999      -999    -999   21.29        41 
      Sk-67 144  37026 -999   5  30   12.2    -  67  26   8   13.5  -0.23      0.17      0.12           WC4           5 -999 20.80        1 -999 15.45        91       2   21.03        18 
       LMC1-402   -999 -999   5  30   19.6    -  71   6   7  15.05  -0.06      0.24      0.18          B0 V          16 -999 21.32        1 -999  -999      -999    -999   21.39        54 
         BI 184   -999 -999   5  30   30.7    -  71   2  32  13.84  -0.08       0.2      0.14        B0.5 V          16 -999 21.40        1 -999 19.65        55       3   20.85        12 
      Sk-68 107   -999 -999   5  30   37.8    -  68  24  39   12.2  -0.02      0.22      0.16         B0 Ia          22 -999 21.08        2 -999  -999      -999    -999   21.30        33 
       Sk-71 38  37248 -999   5  30   38.7    -  71   1  48   13.1  -0.19       nan       nan        WC4+O9           5 -999  -999     -999 -999  18.3      -999       3   20.96        13 
      Sk-68 111 269668 -999   5  31    0.8    -  68  53  57  12.01  -0.08      0.11      0.05        BN1 Ia           1 -999 20.60        1 -999  -999      -999    -999   20.65        12 
       LMC1-572   -999 -999   5  31    9.8    -  71   3  52  15.85   0.02      0.28      0.22        B1 III          16 -999 21.08        1 -999  -999      -999    -999   21.18        39 
       Sk-71 45 269676 -999   5  31   15.5    -  71   4  10  11.54  -0.17      0.16       0.1   O4-5 III(f)          14 -999 21.09        1 -999 18.63        98       2   21.34        50 
      Sk-69 175 269687 -999   5  31   25.5    -  69   5  39   11.9  -0.07      0.17      0.11         WN11h           5    < 21.08        1    < 14.28      -999       2   20.98        16 
      Sk-67 166 269698 -999   5  31   44.2    -  67  38   1  12.27  -0.22      0.08      0.03        O4 If+          14    < 20.50        1 -999 15.74        55       2   20.92        17 
       Sk-71 46   -999 -999   5  31   49.6    -  71   3  38  13.25   0.02      0.32      0.26         O4 If          16 -999  -999     -999 -999 20.21        40       3   21.48        59 
      Sk-67 169   -999 -999   5  31   51.6    -  67   2  22  12.18  -0.12      0.07      0.02         B1 Ia           1 -999  -999     -999    < 13.98      -999       2  <20.35         3 
      Sk-67 167   -999 -999   5  31   51.9    -  67  39  41  12.53  -0.22      0.08      0.03       O4 Inf+          14    < 20.50        1    < 14.24      -999       2   21.34        71 
      Sk-67 168 269702 -999   5  31   52.1    -  67  34  21  12.09  -0.17      0.12      0.07        O8 Iaf           1    < 20.70        2 -999  -999      -999    -999  <20.35         5 
         BI 192   -999 -999   5  31   59.9    -  67  32  55  13.75  -0.22      0.09      0.04        O9 III           4    < 20.68        1 -999  -999      -999    -999  <20.35         5 
     4U0532-664   -999 -999   5  32   49.6    -  66  22  14    nan    nan       nan       nan        O8 III          23    < 20.50        1 -999  -999      -999    -999  <20.35         4 
      Sk-67 191   -999 -999   5  33   34.0    -  67  30  20  13.46  -0.21       0.1      0.05          O8 V          15 -999 20.76        1    < 14.28      -999       2   21.38        47 
         BI 208   -999 -999   5  33   57.3    -  67  24  20  13.94  -0.22       0.1      0.05     O6 V((f))           4 -999  -999     -999 -999 14.60       425       2   21.11        23 
      Sk-69 191  37680 -999   5  34   19.2    -  69  45  10  13.28  -0.15      0.26       0.2           WC4           5 -999 21.18        1 -999 18.94        65       2   21.18        21 
         LH81W5   -999 -999   5  34   28.5    -  69  43  57  13.92  -0.18      0.14      0.08    O4 V((f+))          10 -999 21.08        1 -999  -999      -999    -999   21.19        31 
     J0534-6932   -999 -999   5  34   41.3    -  69  31  39  13.69  -0.06      0.26       0.2    O3If*+O6:V          24 -999 21.60        1 -999 19.88        60       3   21.53        77 
        LH81W23   -999 -999   5  34   50.3    -  69  46  33  13.81  -0.16      0.16       0.1   O3.5V((f+))           4 -999 21.27        1 -999  -999      -999    -999   21.29        33 
      Sk-69 199   -999 -999   5  35   13.6    -  68  59  21  12.87    0.1      0.29      0.23           B1:           3 -999 21.60        2 -999  -999      -999    -999   21.55        94 
      Sk-67 211 269810 -999   5  35   13.9    -  67  33  28  12.29  -0.21       0.1      0.04    O2 III(f*)          14 -999 20.76        1    < 13.98      -999       2   21.26        42 
       SN87A-S2   -999 -999   5  35   27.8    -  69  16   9  15.03  -0.06      0.18      0.12       B2:III:          18 -999 21.44        1 -999  -999      -999    -999   21.37        37 
      Sk-69 203   -999 -999   5  35   27.2    -  69  13  52  12.29   0.01      0.22      0.16       B0.7 Ia           1 -999 21.54        2 -999  -999      -999    -999   21.45        62 
      Sk-69 202  SN87A -999   5  35   27.9    -  69  16  11  12.24   0.04      0.19      0.13   B2/3 I pec?          18 -999 21.40        5 -999  -999      -999    -999   21.38        37 
         BI 229   -999 -999   5  35   32.2    -  66   2  38  12.95  -0.17      0.15       0.1      O7 V-III          25 -999 20.75        1    < 14.14      -999       2   20.92        30 
      SK-69 206   -999 -999   5  35   36.0    -  69   7   6  12.87   0.14      0.42      0.36         O9 Ia           6 -999 21.95        3 -999  -999      -999    -999   21.74        88 
      Sk-68 126   -999 -999   5  35   38.5    -  68  56  49  12.62  -0.01      0.18      0.13          B1 I          10 -999 21.54        2 -999  -999      -999    -999   21.47        49 
       LH90BR58   -999 -999   5  35   42.3    -  69  11  55  14.13   0.49      0.79      0.74      O3If/WN6           4 -999 22.15        1 -999  -999      -999    -999   21.68        75 
     LH90ST2-22   -999 -999   5  35   45.3    -  69  11  36  14.08   0.19      0.51      0.46   O3.5III(f+)           4 -999 21.90        1 -999  -999      -999    -999   21.68        75 
        Brey 64   -999 -999   5  35   54.5    -  68  59   7  13.21   0.06       0.3      0.25          WN9h           5 -999 21.74        1 -999 20.45       106       3   21.59        82 
      Sk-69 210   -999 -999   5  36    3.8    -  69   1  30  12.65    0.3      0.48      0.43        B1.5 I          10 -999 22.00        3 -999  -999      -999    -999   21.61        90 
         BI 237   -999 -999   5  36   14.6    -  67  39  19  13.89  -0.12       0.2      0.14          O2 V           4 -999 21.62        1 -999 20.05        61       3   21.41        61 
      Sk-69 213   -999 -999   5  36   17.1    -  69  11   4  11.94   0.13      0.32      0.26        BC1 Ia           1 -999 21.54        2 -999  -999      -999    -999   21.57        59 
     LMC-N66-CS   -999 -999   5  36   20.8    -  67  18   8    nan    nan       nan       nan          -999        -999    < 20.90        1 -999  -999      -999    -999   20.98        19 
      Sk-68 129   -999 -999   5  36   26.8    -  68  57  32  12.78   0.03      0.22      0.16          B1 I          10 -999 21.72        2 -999 20.20        63       3   21.55        84 
      Sk-69 220 269858    2   5  36   43.7    -  69  29  48  10.58  -0.08       nan       nan           LBV          26 -999 21.28        1 -999 19.04        79       3   21.37        35 
      Sk-69 223  38029    2   5  36   54.6    -  69  11  38  11.59   0.11       nan       nan        WC4+OB           5 -999  -999     -999 -999 20.07        53       3   21.57        56 
      Sk-66 169 269889 -999   5  36   54.7    -  66  38  22  11.56  -0.13      0.13      0.08      O9.7 Ia+           1 -999 20.50        6    < 14.08      -999       2   21.11        53 
      Sk-66 171   -999 -999   5  37    2.4    -  66  38  37  12.21  -0.15      0.13      0.08         O9 Ia           1    < 20.70        2 -999  -999      -999    -999   21.11        53 
      Sk-66 172   -999 -999   5  37    5.4    -  66  21  35  13.13  -0.12      0.18      0.13  O2III(f*)+OB          14 -999 21.25        1 -999 18.21        41       2   21.31        56 
      Sk-69 228   -999    2   5  37    9.2    -  69  20  20  12.12   0.07      0.25      0.19      BC1.5 Ia           1 -999 21.63        1 -999 18.70        86       1   21.52        47 
         BI 253   -999    2   5  37   34.5    -  69   1  10  13.76  -0.09      0.23      0.17          O2 V          14 -999 21.60        1 -999 19.76        59       3   21.64        53 
      Sk-69 234 269888    2   5  37   44.6    -  69  14  26  14.61   0.15      0.55      0.49           WC4           5 -999 21.52        1 -999  -999      -999    -999   21.80        80 
      Sk-68 135 269896    2   5  37   49.1    -  68  55   2  11.36    0.0      0.26       0.2     ON9.7 Ia+           1 -999 21.60        1 -999 19.87        91       2   21.57        73 
      Sk-68 137   -999    2   5  38   24.7    -  68  52  33  13.29  -0.07      0.25      0.19    O2 III(f*)          14 -999 21.50        1 -999 20.37        60       3   21.58        66 
          Mk 42   -999    2   5  38   42.2    -  69   5  54  12.71    0.0       0.3      0.24      O2If/WN5          11 -999 21.79        1 -999  -999      -999    -999     nan      -999 
      Sk-69 243  38268    2   5  38   42.4    -  69   6   3    9.5   0.13       nan       nan   WN5-A+OB(n)           2 -999 21.80        7 -999  -999      -999    -999     nan      -999 
      Sk-69 246  38282    2   5  38   53.4    -  69   2   1   11.1  -0.12      0.18      0.12          WN6h           5 -999 21.41        1 -999 19.71        74       2   21.70        63 
      Sk-68 140   -999    2   5  38   57.2    -  68  56  53  12.79   0.05      0.29      0.23         B0 Ia           6 -999 21.74        2 -999 20.11        64       3   21.69        90 
      Sk-69 249 269927    2   5  38   58.8    -  69  29  23  10.69  -0.11      0.13      0.07          WN9h          12 -999 21.11        1 -999 15.55       163       2   21.63        69 
       LH101W14   -999    2   5  39    5.6    -  69  29  22  13.41  -0.15      0.17      0.11        O3V+OV           4 -999 21.32        1 -999  -999      -999    -999   21.63        69 
       LH101W19   -999    2   5  39   11.7    -  69  30  37  12.44  -0.09      0.24      0.18        O2 If*           4 -999 21.60        1 -999  -999      -999    -999   21.68        73 
       LH101W24   -999    2   5  39   13.6    -  69  30   5  14.58   -0.1      0.22      0.16     O3 V((f))           4 -999 21.51        1 -999  -999      -999    -999   21.68        73 
      Sk-68 145 Brey93    2   5  39   34.3    -  68  44   9  15.13   0.42       nan       nan           WO3           5 -999 21.40        1 -999 20.08        64       3   21.49        83 
        LMC-262   -999    2   5  39   36.8    -  69  45  54  16.19   0.39       0.7      0.64     (O9-B0 V)          27 -999 22.18        1 -999  -999      -999    -999   21.80       104 
        LMC-282   -999    2   5  39   38.0    -  69  45  45  16.78   0.45      0.75      0.69        (B0 V)          27 -999 22.20        1 -999  -999      -999    -999   21.78        96 
      Sk-69 256   -999    2   5  39   55.7    -  69  16  26  12.61  -0.02      0.17      0.11         B1 Ia           6 -999 21.40        2 -999  -999      -999    -999   21.70        68 
       Sk-71 50   -999 -999   5  40   43.2    -  71  29   1  13.44  -0.12       0.2      0.13       O6.5 II          11 -999 21.18        1 -999 20.13        52       3   21.47        34 
      Sk-69 265   -999    2   5  40   48.8    -  69  16  51  11.88   0.12      0.25      0.19         B3 Ia           6 -999 21.65        2 -999  -999      -999    -999   21.68        46 
      Sk-69 270 269997    2   5  41   20.4    -  69   5   7  11.27   0.14      0.29      0.23       B2.5 Ia           1 -999 21.54        2 -999 19.85      -999       5   21.53        56 
      Sk-69 276   -999    2   5  41   33.8    -  69  33  42  12.41  -0.17      0.11      0.05         O9 Ia           1    < 20.70        2 -999  -999      -999    -999   21.68        60 
      Sk-69 279   -999    2   5  41   44.7    -  69  35  15  12.78   0.04       nan       nan      Ofpe/WN9          14 -999  -999     -999 -999 20.31        64       1   21.62        53 
      Sk-69 280   -999    2   5  41   48.9    -  69  17  52  12.71   0.07      0.25      0.19       B1.5 Ia          28 -999 21.60        2 -999  -999      -999    -999   21.60        70 
      Sk-69 282 270019    2   5  42   11.6    -  69   1  39  12.06    0.0      0.18      0.12          B1.5           3 -999 21.51        2 -999  -999      -999    -999   21.55        46 
      Sk-68 155   -999    2   5  42   54.9    -  68  56  55  12.75  -0.01      0.28      0.22         O8 Ia           6 -999 21.62        2 -999 19.99        68       1   21.76        77 
       LMC2-747   -999 -999   5  43    6.7    -  67  49  55   15.4  -0.19      0.07      0.01          B1 V          16    < 21.00        1 -999  -999      -999    -999   21.26        66 
       LMC2-702   -999 -999   5  43   12.4    -  67  50  53  15.37  -0.08      0.22      0.16          B0 V          16 -999 20.70        1 -999  -999      -999    -999   21.26        66 
       LMC2-675   -999 -999   5  43   13.0    -  67  51  17  13.66  -0.25      0.07      0.01  O3III(f)*+OV           4    < 20.90        1 -999  -999      -999    -999   21.29        69 
       Sk-71 52   -999 -999   5  43   13.3    -  71  15  55  12.57    0.0      0.28      0.21         O9 Ia          28 -999 21.67        2 -999  -999      -999    -999   21.59        51 
       LMC2-696   -999 -999   5  43   18.3    -  67  50  59  15.02  -0.19      0.07      0.01          B1 V          16    < 21.00        1 -999  -999      -999    -999   21.30        64 
         BI 272   -999 -999   5  44   23.1    -  67  14  29  13.27  -0.19      0.13      0.07     O7 III-II          25    < 21.00        1    < 14.24      -999       2   20.71        27 
      Sk-67 256   -999 -999   5  44   25.0    -  67  13  50  11.87   -0.1       0.1      0.04        BC1 Ia           1 -999 20.60        2 -999  -999      -999    -999   20.71        27 
      Sk-69 297   -999    2   5  44   31.0    -  69  20  16  12.73   0.11      0.35      0.29         WN11h           5 -999  -999     -999 -999 19.78        82       3   21.67        60 
      Sk-67 266   -999 -999   5  45   51.9    -  67  14  26  12.01  -0.13      0.11      0.06         WN11h           5    < 20.80        1 -999  -999      -999    -999   20.23        14 
      Sk-70 115 270145    2   5  48   49.7    -  70   3  58  12.24   -0.1       0.2      0.14      O6.5 Iaf          25 -999 21.30        1 -999 19.94        53       2   21.56        38 
      Sk-70 116 270151    2   5  49    2.8    -  70   2  30  12.05   0.11      0.28      0.22         B2 Ia           1 -999 21.48        2 -999  -999      -999    -999   21.56        38 
